a b c d e f g h i j k l m n o p q r s t u v w x y z A B C D E F G H I J K L M N O P Q R S T U V W X Y Z 0 1 2 3 4 5 6 7 8 9 + - = ; .
===
0 1 2 3 4 5 6 7 8 9 10 11 12
===
0
===
1 2 3 4 5 6 7 8 11 12
===
0 a 1
0 b 1
0 c 1
0 d 1
0 e 1
0 f 1
0 g 1
0 h 1
0 i 1
0 j 1
0 k 1
0 l 1
0 m 1
0 n 1
0 o 1
0 p 1
0 q 1
0 r 1
0 s 1
0 t 1
0 u 1
0 v 1
0 w 1
0 x 1
0 y 1
0 z 1
0 A 1
0 B 1
0 C 1
0 D 1
0 E 1
0 F 1
0 G 1
0 H 1
0 I 1
0 J 1
0 K 1
0 L 1
0 M 1
0 N 1
0 O 1
0 P 1
0 Q 1
0 R 1
0 S 1
0 T 1
0 U 1
0 V 1
0 W 1
0 X 1
0 Y 1
0 Z 1
1 a 1
1 b 1
1 c 1
1 d 1
1 e 1
1 f 1
1 g 1
1 h 1
1 i 1
1 j 1
1 k 1
1 l 1
1 m 1
1 n 1
1 o 1
1 p 1
1 q 1
1 r 1
1 s 1
1 t 1
1 u 1
1 v 1
1 w 1
1 x 1
1 y 1
1 z 1
1 A 1
1 B 1
1 C 1
1 D 1
1 E 1
1 F 1
1 G 1
1 H 1
1 I 1
1 J 1
1 K 1
1 L 1
1 M 1
1 N 1
1 O 1
1 P 1
1 Q 1
1 R 1
1 S 1
1 T 1
1 U 1
1 V 1
1 W 1
1 X 1
1 Y 1
1 Z 1
1 0 1
1 1 1
1 2 1
1 3 1
1 4 1
1 5 1
1 6 1
1 7 1
1 8 1
1 9 1
0 + 2
0 - 3
0 = 4
0 ; 5
0 . 6
0 0 7
0 1 7
0 2 7
0 3 7
0 4 7
0 5 7
0 6 7
0 7 7
0 8 7
0 9 7
7 0 7
7 1 7
7 2 7
7 3 7
7 4 7
7 5 7
7 6 7
7 7 7
7 8 7
7 9 7
7 . 8
8 0 8
8 1 8
8 2 8
8 3 8
8 4 8
8 5 8
8 6 8
8 7 8
8 8 8
8 9 8
7 e 9
7 E 9
8 e 9
8 E 9
9 + 10
9 - 10
9 0 11
9 1 11
9 2 11
9 3 11
9 4 11
9 5 11
9 6 11
9 7 11
9 8 11
9 9 11
10 0 11
10 1 11
10 2 11
10 3 11
10 4 11
10 5 11
10 6 11
10 7 11
10 8 11
10 9 11
11 0 11
11 1 11
11 2 11
11 3 11
11 4 11
11 5 11
11 6 11
11 7 11
11 8 11
11 9 11
0 . 12
12 0 12
12 1 12
12 2 12
12 3 12
12 4 12
12 5 12
12 6 12
12 7 12
12 8 12
12 9 12
12 e 9
12 E 9